220411800
220411801
220411802
220411803
220411804
220411805
220411806
220411807
220411808
220411809
220411810
220411811
220411812
220411813
220411814
220411815
220411816
220411817
220411818
220411819
220411820
220411821
220411822
220411823
220411824
220411825
220411826
220411827
220411828
220411829
220411830
220411831
220411832
220411833
220411834
220411835
220411836
220411837
220411838
220411839
220411840
220411841
220411842
220411843
220411844
220411845
220411846
220411847
220411848
220411849
220411850
220411851
220411852
220411853
220411854
220411855
220411856
220411857
220411858
220411859
220411860
220411861
220411862
220411863
220411864
220411865
220411866
220411867
220411868
220411869
220411870
220411871
220411872
220411873
220411874
220411875
220411876
220411877
220411878
220411879
220411880
220411881
220411882
220411883
220411884
220411885
220411886
220411887
220411888
220411889
220411890
220411891
220411892
220411893
220411894
220411895
220411896
220411897
220411898
220411899